                 0.0           -3894.083
    7.7999997302e-05           -3890.205
    1.5599999460e-04           -3886.251
    2.3400000646e-04            -3882.22
    3.1299999682e-04           -3878.114
    3.9100000868e-04           -3873.934
    4.6899999143e-04           -3869.679
    5.4699997418e-04           -3865.352
    6.2499998603e-04           -3860.951
    7.0299999788e-04           -3856.479
    7.8100000974e-04           -3851.935
    8.5900002159e-04           -3847.321
    9.3699997524e-04           -3842.636
            0.001016           -3837.882
            0.001094           -3833.059
            0.001172           -3828.168
             0.00125            -3823.21
            0.001328            29438.09
            0.001406            85561.89
            0.001484            62606.91
            0.001563           -14266.59
            0.001641           -69832.91
            0.001719           -49461.92
            0.001797            28918.71
            0.001875            90281.53
            0.001953            72092.48
            0.002031           -15818.03
            0.002109           -97382.02
            0.002188           -98891.21
            0.002266           -18381.86
            0.002344            68903.41
            0.002422            77197.97
              0.0025           -8999.409
            0.002578           -114020.9
            0.002656           -133274.3
            0.002734           -27687.96
            0.002812            132610.9
            0.002891            218001.5
            0.002969            145322.6
            0.003047           -47703.29
            0.003125           -224106.2
            0.003203           -251074.0
            0.003281           -102695.7
            0.003359            120277.9
            0.003438            267979.8
            0.003516            252222.4
            0.003594            102857.1
            0.003672           -69349.59
             0.00375           -164967.7
            0.003828           -164387.0
            0.003906           -121277.0
            0.003984           -97590.34
            0.004063           -104216.1
            0.004141           -99378.91
            0.004219           -40105.61
            0.004297            66293.93
            0.004375            160936.2
            0.004453            183453.1
            0.004531            126029.5
            0.004609            40440.96
            0.004687           -8858.367
            0.004766           -2246.051
            0.004844            20349.66
            0.004922            1372.344
               0.005           -74726.27
            0.005078           -160400.5
            0.005156           -184126.8
            0.005234           -115827.9
            0.005313            1067.074
            0.005391            82260.88
            0.005469            73338.28
            0.005547           -3484.693
            0.005625           -69080.99
            0.005703           -57626.88
            0.005781            24243.97
            0.005859            102434.8
            0.005938            101496.9
            0.006016            14132.27
            0.006094           -88170.17
            0.006172           -114909.5
             0.00625           -36136.75
            0.006328            87808.14
            0.006406            154282.1
            0.006484            104943.3
            0.006562           -22488.35
            0.006641           -122358.3
            0.006719           -106859.0
            0.006797            21504.78
            0.006875            170582.8
            0.006953            231109.4
            0.007031            160962.9
            0.007109            13540.45
            0.007188           -108988.5
            0.007266           -135162.4
            0.007344           -71100.21
            0.007422            18162.99
              0.0075            69026.97
            0.007578            66128.43
            0.007656            39020.54
            0.007734            20494.35
            0.007812            11303.68
            0.007891            -14781.2
            0.007969           -73627.24
            0.008047           -141552.2
            0.008125           -167097.1
            0.008203           -116381.7
            0.008281           -10156.88
            0.008359            84927.13
            0.008438            107690.0
            0.008516            53146.73
            0.008594           -22916.53
            0.008672           -51661.43
             0.00875           -10735.12
            0.008828            56720.27
            0.008906            81261.85
            0.008984            30797.21
            0.009062            -57689.2
            0.009141           -107714.3
            0.009219           -69831.09
            0.009297            32619.82
            0.009375            119464.9
            0.009453            119209.4
            0.009531            28647.79
            0.009609           -84484.23
            0.009687           -138202.1
            0.009766           -103797.2
            0.009844           -26641.61
            0.009922            16706.33
                0.01           -12847.43
            0.010078           -82256.74
            0.010156           -115495.9
            0.010234           -61133.26
            0.010313            59983.18
            0.010391            167817.2
            0.010469            185931.7
            0.010547            101358.2
            0.010625           -27216.17
            0.010703           -117218.3
            0.010781           -124223.0
            0.010859           -67873.32
            0.010938           -5112.613
            0.011016             20918.9
            0.011094            10954.61
            0.011172           -3324.694
             0.01125            3057.194
            0.011328            24373.23
            0.011406            35460.71
            0.011484            23878.08
            0.011562            8038.941
            0.011641            20626.11
            0.011719            71778.29
            0.011797            128875.6
            0.011875            136949.4
            0.011953             66232.1
            0.012031           -54567.29
            0.012109           -152040.5
            0.012188           -162024.9
            0.012266           -80467.62
            0.012344            32166.92
            0.012422            98379.02
              0.0125            84386.76
            0.012578            23665.81
            0.012656           -15921.05
            0.012734            7357.723
            0.012813            73048.79
            0.012891            117569.4
            0.012969             91285.9
            0.013047            3810.081
            0.013125            -81838.4
            0.013203           -101248.2
            0.013281           -42183.16
            0.013359            45847.23
            0.013437            93440.12
            0.013516            68197.73
            0.013594           -1514.978
            0.013672           -54549.61
             0.01375           -50718.04
            0.013828           -3428.938
            0.013906            35677.34
            0.013984            24667.91
            0.014063           -31033.77
            0.014141           -83574.62
            0.014219           -84433.83
            0.014297           -25776.85
            0.014375            53818.95
            0.014453            102183.7
            0.014531            94754.47
            0.014609             48995.0
            0.014688             2808.28
            0.014766           -20087.88
            0.014844           -25474.97
            0.014922           -32999.25
               0.015           -48297.21
            0.015078           -52848.83
            0.015156            -23308.4
            0.015234            38178.11
            0.015312            94356.37
            0.015391            98192.49
            0.015469            34316.45
            0.015547           -60441.99
            0.015625           -119495.9
            0.015703           -97291.39
            0.015781           -7290.349
            0.015859            85938.44
            0.015938            116235.2
            0.016016            67401.21
            0.016094           -15431.71
            0.016172           -63834.27
             0.01625           -41753.43
            0.016328            27165.98
            0.016406            82144.95
            0.016484            77201.78
            0.016563             18135.5
            0.016641           -45569.63
            0.016719           -64904.55
            0.016797           -32448.71
            0.016875            14365.81
            0.016953            28769.57
            0.017031           -3469.841
            0.017109           -52386.66
            0.017188           -71352.84
            0.017266           -38467.98
            0.017344            24605.24
            0.017422            71808.08
              0.0175            71741.81
            0.017578            32073.21
            0.017656           -10856.82
            0.017734           -25993.58
            0.017813           -13797.08
            0.017891           -1949.924
            0.017969           -16184.99
            0.018047           -54096.43
            0.018125           -86065.58
            0.018203           -81897.73
            0.018281           -38177.66
            0.018359            18817.79
            0.018437             56811.4
            0.018516             65285.3
            0.018594            61256.74
            0.018672            67969.91
             0.01875            87424.35
            0.018828            94360.71
            0.018906            59786.54
            0.018984           -16309.12
            0.019062           -94447.44
            0.019141           -121050.5
            0.019219           -71497.44
            0.019297            25329.58
            0.019375            104153.6
            0.019453            111033.9
            0.019531            44227.63
            0.019609           -44970.71
            0.019688           -92342.08
            0.019766           -69452.85
            0.019844           -2168.611
            0.019922            54262.11
                0.02            61093.93
            0.020078            24627.35
            0.020156           -14401.67
            0.020234           -18665.93
            0.020313            14438.45
            0.020391            53888.45
            0.020469            65059.61
            0.020547            40597.32
            0.020625            5135.399
            0.020703           -8638.156
            0.020781             10302.2
            0.020859            42622.61
            0.020938            57730.09
            0.021016            42231.64
            0.021094            11597.74
            0.021172           -5023.665
             0.02125            7809.745
            0.021328            37673.38
            0.021406            56138.87
            0.021484            45368.32
            0.021563             14704.9
            0.021641           -8090.895
            0.021719           -2839.489
            0.021797            23938.76
            0.021875            44707.45
            0.021953            36513.68
            0.022031            3011.746
            0.022109           -27791.93
            0.022187           -28774.68
            0.022266            777.5205
            0.022344            33161.67
            0.022422            36790.42
              0.0225            5914.973
            0.022578           -31682.45
            0.022656           -37584.29
            0.022734             2520.99
            0.022812            62773.46
            0.022891             95430.2
            0.022969            69845.98
            0.023047            -145.357
            0.023125           -64188.72
            0.023203           -73446.96
            0.023281           -18397.51
            0.023359            63898.35
            0.023438            118322.3
            0.023516            112457.4
            0.023594            57320.05
            0.023672            -6299.32
             0.02375           -41775.96
            0.023828            -41847.0
            0.023906           -26208.31
            0.023984           -17606.15
            0.024063           -20007.38
            0.024141           -18012.69
            0.024219            4207.826
            0.024297            43974.68
            0.024375            79623.22
            0.024453            88930.08
            0.024531            68992.74
            0.024609            38819.61
            0.024688            22073.18
            0.024766            25915.32
            0.024844            35594.76
            0.024922            29872.15
               0.025            2961.905
            0.025078           -27707.84
            0.025156           -35882.29
            0.025234           -10545.68
            0.025313            32287.02
            0.025391            61579.03
            0.025469            57300.63
            0.025547            27628.24
            0.025625            1690.033
            0.025703            3735.163
            0.025781            31371.22
            0.025859             57400.0
            0.025938            54136.35
            0.026016            18974.09
            0.026094           -21703.84
            0.026172           -34518.58
             0.02625            -8368.53
            0.026328            34627.84
            0.026406            56781.93
            0.026484            36692.27
            0.026562            -11716.4
            0.026641           -49542.14
            0.026719           -44464.63
            0.026797            2595.765
            0.026875            57723.32
            0.026953            80689.74
            0.027031            55953.01
            0.027109              3097.4
            0.027187            -40360.9
            0.027266           -48210.42
            0.027344           -22784.66
            0.027422            11907.34
              0.0275            32386.13
            0.027578            32922.66
            0.027656            24319.64
            0.027734            18581.53
            0.027813            15939.76
            0.027891            6713.522
            0.027969           -14950.16
            0.028047           -40338.94
            0.028125           -50506.15
            0.028203           -32957.07
            0.028281            4719.033
            0.028359            38058.93
            0.028438            44620.85
            0.028516            22642.52
            0.028594            -7278.51
            0.028672            -19742.8
             0.02875           -6454.844
            0.028828            16780.78
            0.028906            24475.44
            0.028984            4870.085
            0.029063           -28395.16
            0.029141           -47163.54
            0.029219           -33239.26
            0.029297            4781.438
            0.029375            37380.05
            0.029453            38217.24
            0.029531            6063.976
            0.029609            -34220.8
            0.029688           -52543.73
            0.029766           -38415.19
            0.029844           -8600.169
            0.029922            8664.865
                0.03           -1070.136
            0.030078           -25709.48
            0.030156           -37336.91
            0.030234           -17072.54
            0.030312            27386.23
            0.030391            66581.79
            0.030469            72395.05
            0.030547            40069.98
            0.030625           -8775.017
            0.030703            -43721.9
            0.030781           -48375.52
            0.030859            -29901.4
            0.030937           -9180.506
            0.031016           -2012.167
            0.031094           -8054.355
            0.031172           -15581.73
             0.03125           -15339.64
            0.031328           -9375.156
            0.031406           -6894.053
            0.031484           -12432.72
            0.031562           -19188.34
            0.031641           -15121.29
            0.031719            3501.666
            0.031797             24671.1
            0.031875            28143.89
            0.031953             2937.24
            0.032031           -40428.78
            0.032109           -74997.45
            0.032187           -77218.73
            0.032266            -45658.7
            0.032344           -2618.768
            0.032422            23334.22
              0.0325            19719.95
            0.032578            -1193.67
            0.032656           -14481.22
            0.032734           -4822.012
            0.032812            20237.41
            0.032891             37293.8
            0.032969            28085.26
            0.033047           -3845.563
            0.033125           -35299.83
            0.033203           -42559.32
            0.033281           -21093.94
            0.033359            10915.74
            0.033437            27973.41
            0.033516            18196.94
            0.033594            -7943.49
            0.033672           -27920.08
             0.03375           -26920.12
            0.033828           -9853.552
            0.033906            4298.569
            0.033984            119.2813
            0.034062           -20394.32
            0.034141            -39643.4
            0.034219           -39790.29
            0.034297           -17971.01
            0.034375            11599.48
            0.034453            29702.16
            0.034531            27271.75
            0.034609             10703.2
            0.034687           -6088.524
            0.034766           -14404.34
            0.034844           -16393.49
            0.034922           -19300.62
               0.035           -25210.34
            0.035078           -27313.78
            0.035156           -17019.58
            0.035234            4893.001
            0.035312            24735.98
            0.035391            25229.99
            0.035469            749.5311
            0.035547           -35123.48
            0.035625           -57857.25
            0.035703           -50656.44
            0.035781            -18436.6
            0.035859            15083.47
            0.035937            25596.21
            0.036016            7168.789
            0.036094           -23575.49
            0.036172           -41449.76
             0.03625           -33185.41
            0.036328           -7483.535
            0.036406            13285.86
            0.036484            12188.71
            0.036562           -8667.006
            0.036641           -31108.37
            0.036719           -37142.03
            0.036797           -24077.49
            0.036875           -5726.305
            0.036953             664.973
            0.037031           -10178.84
            0.037109           -27270.01
            0.037187           -33486.32
            0.037266           -20796.24
            0.037344            2812.863
            0.037422            20386.66
              0.0375            20372.17
            0.037578            5596.088
            0.037656           -10558.28
            0.037734           -16644.98
            0.037812           -12805.26
            0.037891           -9189.842
            0.037969           -15228.44
            0.038047           -29996.99
            0.038125           -42559.94
            0.038203           -41771.12
            0.038281           -26338.91
            0.038359           -5899.296
            0.038437            7698.511
            0.038516            10603.16
            0.038594             9085.13
            0.038672            11697.44
             0.03875            19169.24
            0.038828            22193.51
            0.038906            10082.31
            0.038984           -17197.36
            0.039062           -45156.53
            0.039141            -54123.6
            0.039219           -35082.23
            0.039297            1300.475
            0.039375            30969.46
            0.039453             34042.7
            0.039531            9845.047
            0.039609           -22781.51
            0.039688           -40233.29
            0.039766           -32063.27
            0.039844           -7791.381
            0.039922            12262.05
                0.04            13856.78
            0.040078           -667.4968
            0.040156           -16295.21
            0.040234           -19258.12
            0.040313           -8556.646
            0.040391            4442.016
            0.040469            7047.862
            0.040547           -3396.754
            0.040625           -17783.04
            0.040703           -24042.46
            0.040781           -18080.45
            0.040859           -6977.313
            0.040938           -1962.802
            0.041016           -7947.475
            0.041094           -19232.54
            0.041172           -25096.71
             0.04125           -19869.74
            0.041328           -8141.638
            0.041406           -397.6824
            0.041484           -3233.872
            0.041563           -13252.28
            0.041641           -20283.55
            0.041719           -16949.51
            0.041797           -5694.933
            0.041875            3305.115
            0.041953            1564.448
            0.042031            -9610.69
            0.042109           -19949.91
            0.042187           -19501.37
            0.042266           -8021.065
            0.042344             4288.81
            0.042422            5805.136
              0.0425           -5581.852
            0.042578           -19639.08
            0.042656            -22214.2
            0.042734           -8017.223
            0.042812            13468.21
            0.042891            24711.45
            0.042969            14473.61
            0.043047            -12120.8
            0.043125           -36512.86
            0.043203           -40704.36
            0.043281           -21163.64
            0.043359             8499.13
            0.043437            28025.68
            0.043516            25503.15
            0.043594            4990.752
            0.043672           -18505.29
             0.04375           -31517.19
            0.043828           -31384.31
            0.043906           -25368.35
            0.043984           -21857.07
            0.044062           -22332.53
            0.044141           -21154.09
            0.044219           -12523.25
            0.044297            2549.916
            0.044375            16072.81
            0.044453            19850.06
            0.044531            12797.66
            0.044609            1896.448
            0.044687           -4155.794
            0.044766           -2726.514
            0.044844             760.472
            0.044922           -1500.649
               0.045           -11626.17
            0.045078           -23188.73
            0.045156           -26510.85
            0.045234           -17519.04
            0.045312           -2082.758
            0.045391            8402.428
            0.045469            6589.297
            0.045547           -4494.797
            0.045625           -14117.53
            0.045703           -13344.97
            0.045781           -3048.102
            0.045859            6772.054
            0.045937            5930.737
            0.046016            -6535.42
            0.046094           -20929.66
            0.046172           -24985.57
             0.04625           -14635.45
            0.046328            1964.717
            0.046406            10929.22
            0.046484            4363.118
            0.046562           -12632.71
            0.046641           -25767.86
            0.046719           -23171.31
            0.046797           -5198.011
            0.046875            15662.04
            0.046953            24600.37
            0.047031            15894.16
            0.047109           -3252.867
            0.047187           -19036.04
            0.047266           -21805.49
            0.047344           -12408.88
            0.047422            335.1293
              0.0475             7804.99
            0.047578            7910.653
            0.047656            4644.415
            0.047734            2440.438
            0.047812            1400.728
            0.047891           -2021.107
            0.047969           -9965.893
            0.048047           -19219.35
            0.048125           -22805.85
            0.048203           -16127.15
            0.048281           -1977.509
            0.048359             10637.4
            0.048437            13451.98
            0.048516             5805.06
            0.048594           -4741.313
            0.048672           -8860.368
             0.04875           -3518.486
            0.048828             5451.92
            0.048906            8656.661
            0.048984            1754.025
            0.049062           -10251.42
            0.049141           -17011.59
            0.049219           -11839.12
            0.049297            2101.224
            0.049375            13952.19
            0.049453            14030.47
            0.049531            1894.582
            0.049609            -13295.8
            0.049687           -20451.96
            0.049766           -15694.24
            0.049844           -5167.438
            0.049922            764.5865
                0.05           -3190.187
            0.050078           -12559.01
            0.050156            -17050.9
            0.050234           -9701.905
            0.050312            6671.206
            0.050391            21242.31
            0.050469            23673.02
            0.050547             12214.7
            0.050625           -5183.812
            0.050703           -17341.58
            0.050781           -18241.21
            0.050859           -10537.13
            0.050937           -1933.138
            0.051016             1733.49
            0.051094             561.514
            0.051172           -1163.657
             0.05125           -65.54144
            0.051328            3075.697
            0.051406            4848.369
            0.051484            3561.492
            0.051562            1699.286
            0.051641            3676.882
            0.051719            10858.55
            0.051797            18822.37
            0.051875            20122.68
            0.051953            10725.71
            0.052031           -5486.946
            0.052109           -18582.58
            0.052187           -19877.96
            0.052266           -8822.954
            0.052344            6402.939
            0.052422            15316.42
              0.0525            13352.22
            0.052578            5048.631
            0.052656           -401.4447
            0.052734             2658.91
            0.052812            11470.85
            0.052891            17438.22
            0.052969            13851.87
            0.053047            2019.464
            0.053125           -9524.928
            0.053203           -12060.72
            0.053281           -3930.513
            0.053359            8164.534
            0.053437            14828.78
            0.053516            11672.52
            0.053594            2527.385
            0.053672           -4339.987
             0.05375           -3501.057
            0.053828            3218.149
            0.053906            8816.927
            0.053984            7608.241
            0.054062            314.4402
            0.054141           -6598.992
            0.054219           -6574.829
            0.054297            1439.661
            0.054375            12218.21
            0.054453            18697.46
            0.054531            17552.86
            0.054609            11150.31
            0.054688             4624.55
            0.054766            1193.157
            0.054844             83.7734
            0.054922           -1350.316
               0.055           -3858.182
            0.055078           -4918.521
            0.055156           -1356.323
            0.055234            6553.561
            0.055313            13784.37
            0.055391            13984.74
            0.055469            5086.987
            0.055547           -7914.196
            0.055625           -15999.36
            0.055703           -12998.34
            0.055781           -730.8661
            0.055859            12063.71
            0.055938            16427.63
            0.056016            10161.74
            0.056094           -635.6772
            0.056172           -6715.692
             0.05625           -3212.992
            0.056328            6657.057
            0.056406            14652.61
            0.056484            14534.07
            0.056562            7069.837
            0.056641            -1058.71
            0.056719           -3233.174
            0.056797            1538.277
            0.056875             8179.57
            0.056953            10353.52
            0.057031            6129.153
            0.057109            -440.037
            0.057187           -3042.618
            0.057266            1289.155
            0.057344            9630.053
            0.057422            15755.55
              0.0575            15427.13
            0.057578            9694.773
            0.057656            3490.153
            0.057734            1030.086
            0.057812            2266.381
            0.057891             3466.19
            0.057969            1159.584
            0.058047           -4316.596
            0.058125           -8944.403
            0.058203           -8629.988
            0.058281            -2905.96
            0.058359             4674.31
            0.058437            9742.999
            0.058516            10874.77
            0.058594            10368.59
            0.058672            11364.24
             0.05875            14124.72
            0.058828            15222.68
            0.058906            10724.68
            0.058984            619.0818
            0.059062           -9761.439
            0.059141            -13175.7
            0.059219           -6300.655
            0.059297            6946.999
            0.059375            17726.46
            0.059453            18732.73
            0.059531             9726.77
            0.059609           -2350.812
            0.059687           -8808.448
            0.059766           -5795.878
            0.059844            3190.135
            0.059922            10677.64
                0.06                 0.0
